data = ...
[1 -52 18 79 -65 -323.918744 -178.728056 1005.555079 
2 -69 40 20 -47 0.000000 0.000000 0.000000 
3 33 60 88 -71 -130.172468 -54.341054 822.322457 
4 76 73 39 -42 -108.888843 -89.192628 715.425266 
5 -5 11 122 -42 -246.580193 0.938406 1031.174297 
6 30 80 -37 46 -110.162387 9.309964 816.572610 
7 -23 88 -77 110 -303.773774 -53.410523 1027.593798 
8 50 0 134 2 -151.565672 -199.554969 919.563293 
9 36 98 -39 -12 -96.838494 12.944736 796.731542 
10 -75 110 -31 -79 0.000000 0.000000 0.000000 
11 33 72 -10 9 -139.655961 -32.046073 767.276561 
12 -20 50 -46 44 -278.160410 -91.649379 929.231980 
13 -71 4 79 9 -554.288863 -26.370156 1562.291389 
14 43 28 81 4 -143.226755 -24.858415 847.057554 
15 1 99 -3 -32 -206.071890 19.665443 898.616875 
16 47 74 73 -79 -220.039178 6.458590 957.413569 
17 67 63 -45 107 -201.574924 -169.439283 927.266975 
18 62 6 35 20 -113.762240 -160.194163 780.423013 
19 23 102 -55 34 -126.594282 -32.717177 778.340164 
20 85 48 47 41 -80.774837 -68.987485 863.869359 
21 67 15 15 57 -102.715929 -145.780663 776.529058 
22 50 27 28 -4 -95.860572 -125.452142 741.784151 
23 -8 18 94 -78 -255.085353 -112.155489 1004.698737 
24 71 9 109 14 -122.087296 -67.961381 906.267505 
25 -9 67 -14 61 -241.291326 -14.697280 907.072474 
26 16 67 60 -38 -154.997970 15.955956 863.772789 
27 69 54 40 -8 -58.614618 -70.189648 776.758018 
28 40 60 58 -36 -95.962805 -19.053761 791.927756 
29 75 9 141 -24 -125.607328 -76.508528 915.049645 
30 11 15 111 -7 -200.269064 -22.169322 933.998173 
31 -15 30 17 40 -242.079608 -93.241212 877.984632 
32 34 95 -67 40 -108.470351 -63.846422 763.057956 
33 -14 26 88 10 -270.347103 -11.448008 1010.804458 
34 -21 35 37 -30 -282.546530 -113.335898 931.972513 
35 -62 43 0 -7 -377.025750 -192.878869 1059.453261 
36 26 106 -87 74 -138.556916 -40.541678 825.364147 
37 12 21 85 -3 -174.220875 -29.700079 857.895690 
38 -30 57 -54 -1 -172.401151 -145.795201 799.506605 
39 54 11 93 16 -93.808758 -93.868394 779.078076 
40 53 78 64 -61 -97.551830 -16.095400 851.045889 
41 90 61 38 44 0.000000 0.000000 0.000000 
42 -50 108 -92 75 -427.946844 -90.319044 1248.759487 
43 83 19 -11 23 -164.425015 -207.876536 821.991868 
44 8 86 5 -43 -167.141572 -10.254641 752.752173 
45 -12 93 -5 -50 -259.984584 -20.184888 942.809755 
46 3 98 -76 82 -195.748543 -26.672464 869.244742 
47 -58 10 -6 -3 -197.746394 -211.115743 798.311960 
48 85 98 -92 72 -145.893445 -163.567368 876.935721 
49 86 24 -12 32 -126.694544 -199.534570 812.691719 
50 42 66 2 69 0.000000 0.000000 0.000000 
51 -90 56 -35 45 -509.911885 -267.509850 1363.347415 
52 12 71 -40 17 -161.694025 -90.978848 785.327992 
53 -31 68 21 14 -157.872886 -101.704635 771.277373 
54 -60 72 44 -41 -559.215650 -52.704353 1477.489565 
55 -19 76 -41 103 -288.729695 -31.395391 981.611358 
56 -66 56 -50 30 -244.895815 -165.176728 883.174818 
57 -32 105 -84 30 -268.216171 -77.606833 816.831768 
58 -10 91 -89 87 -329.580569 -93.390136 1068.315963 
59 7 5 72 -10 -192.046993 -189.035496 828.611954 
60 -2 73 3 36 -246.326339 34.663485 1047.991568 
61 80 88 -22 -53 -87.009264 -113.840264 803.007573 
62 78 41 73 12 -86.474679 -33.484064 894.672276 
63 55 66 -17 64 -62.201781 -88.150312 787.036872 
64 -4 57 15 -8 -209.974772 -47.038821 853.640691 
65 -59 31 101 5 -460.903961 -14.111153 1416.419268 
66 -2 67 41 -72 -215.088726 -36.823736 882.939007 
67 15 21 -12 -2 -211.718596 -218.751840 871.723894 
68 80 57 -35 63 -77.148831 -133.921477 778.131246 
69 15 34 67 -35 -158.346176 5.498269 849.672958 
70 -51 26 32 -53 -321.730133 -207.921568 1021.091394 
71 -28 61 23 -74 -308.009111 -104.636698 999.640720 
72 15 52 47 21 -161.619590 10.179039 856.423975 
73 -56 106 -51 39 -521.553254 -71.004607 1367.429699 
74 26 17 -10 -6 -274.659975 -306.411983 1179.569633 
75 -55 58 -36 -13 -382.369657 -155.728464 1059.237022 
76 10 108 -93 0 -336.612816 -175.569436 1100.364036 
77 -61 8 100 -31 0.000000 0.000000 0.000000 
78 2 67 66 -77 -214.489730 -11.071406 918.570446 
79 -38 6 15 -13 -404.104624 -49.459265 1126.914696 
80 -57 85 50 -36 -530.588594 9.664125 1471.410759 
81 62 25 39 -9 -104.685594 -107.756449 735.814876 
82 35 104 -81 59 -110.511116 -47.313340 786.012893 
83 4 84 49 -65 -217.395361 14.923153 963.792962 
84 80 3 81 50 -112.958172 -99.667802 877.841730 
85 -60 47 2 36 -234.360955 -63.869497 853.482785 
86 59 43 50 52 -94.933454 -39.529315 845.438434 
87 59 90 54 -73 -96.996285 -23.489439 865.715527 
88 31 81 42 -10 -122.409449 30.649127 855.199312 
89 -31 3 15 18 -253.065353 -224.620243 927.525812 
90 61 100 -46 65 -72.598576 -34.027637 808.878406 
91 -84 95 -24 61 -667.273906 -57.380818 1747.401419 
92 68 17 36 -45 -182.258844 -170.243618 837.439190 
93 -10 48 1 89 -246.452209 -36.514289 934.484162 
94 -1 78 22 27 -221.709940 52.202766 954.606637 
95 -44 85 -24 -53 -367.537569 -126.588422 1088.141832 
96 67 107 -96 39 -202.996226 -153.724835 963.527599 
97 46 12 -7 46 -163.741174 -204.197691 870.627920 
98 -67 107 -13 -1 -441.565627 27.775199 1220.908773 
99 88 76 30 -40 -281.364511 5.256453 977.605381 
100 -79 49 32 0 -616.419563 -173.367849 1529.369941 
101 52 66 76 -28 -105.630552 -4.015789 877.144048 
102 69 13 109 26 -134.976026 -57.637760 936.458540 
103 -49 101 -22 6 -258.760790 43.826957 967.350677 
104 34 88 -9 34 -262.639723 41.357524 969.918196 
105 1 100 -86 89 -242.740392 -71.016968 921.260338 
106 -59 84 -15 22 -333.951798 -203.529640 1068.843549 
107 -25 44 66 35 -326.660701 9.543755 1111.091098 
108 69 67 79 -30 -105.861127 -7.479402 883.244001 
109 50 99 -71 -16 -117.275737 -117.033494 783.962640 
110 59 47 62 33 -97.968130 -28.108694 863.269364 
111 -37 34 49 0 -338.408251 -66.099622 1024.836848 
112 25 66 -42 32 -153.763797 30.738564 929.426060 
113 -24 8 27 110 -274.706142 -113.724854 1000.891442 
114 74 87 -67 52 -76.075906 -112.548643 781.490585 
115 -81 75 49 16 -292.598789 55.391018 1071.703589 
116 -64 33 84 -30 -509.534843 -104.405258 1384.446915 
117 9 97 31 -89 -194.644203 2.451493 910.783785 
118 -27 59 53 35 -354.027930 31.592022 1166.882664 
119 35 30 113 -2 -161.284985 -13.793258 944.727833 
120 -8 81 3 66 -178.331545 34.991193 907.007318 
121 -20 97 19 -50 -172.329154 23.733615 877.883985 
122 41 101 5 -82 -180.410094 -18.981214 882.874564 
123 -84 63 -62 21 -347.565072 -233.674569 1078.677143 
124 -87 87 -59 104 -578.749426 -151.556428 1556.434242 
125 49 90 -26 -19 -77.141535 -63.011442 739.057688 
126 33 95 23 6 -113.010943 31.357707 841.650991 
127 62 53 20 -64 -99.742524 -131.866440 833.160881 
128 -8 66 -50 27 -207.840098 -118.748632 813.008433 
129 -43 64 1 -3 -228.387816 -46.111142 857.648420 
130 -81 28 8 68 -491.850201 -220.645461 1333.549566 
131 29 13 6 -9 -166.555541 -138.315253 812.048192 
132 43 61 64 -78 -106.737177 -46.030193 796.313543 
133 -44 6 93 -51 -302.651505 -124.908528 971.170684 
134 38 14 65 -73 -149.510567 -149.107841 809.805668 
135 -72 52 55 -10 -464.599054 -41.906165 1244.294832 
136 -53 68 37 -48 -521.290262 -177.134540 1355.049687 
137 55 19 17 51 -137.718621 -111.157345 770.817147 
138 67 90 -1 -89 -107.929242 -80.666498 823.057991 
139 80 87 -27 71 -59.574767 -135.845197 723.192449 
140 32 26 -1 92 -127.274197 -110.593800 773.281043 
141 -31 36 24 55 -333.886091 -63.597023 1031.708075 
142 -61 76 21 28 -562.767254 -8.455645 1486.944010 
143 -22 12 117 -11 -300.673457 -31.920566 1079.237101 
144 14 82 31 -19 -327.044132 42.531609 1073.027625 
145 54 74 6 23 -63.500791 -30.326857 766.571799 
146 82 69 54 -68 -78.917841 -81.887791 847.455794 
147 46 24 38 57 -97.591758 -73.356037 768.756220 
148 -18 5 25 -24 -176.969460 -213.717808 849.501985 
149 25 27 36 -38 -108.604710 -133.342027 742.258252 
150 70 37 -7 82 -86.260232 -117.266509 787.407964 
151 -86 4 76 60 -307.248768 -3.054174 1131.964469 
152 19 66 31 42 -188.374026 34.752523 907.655659 
